   osm_id   
------------
    6026023
    6029892
    6038749
    6040389
   18016754
   29116936
   37022024
   43287003
   46648032
   58431769
   67472195
   70079173
   84506746
   87651979
   92367283
   92986450
   93629007
   93835324
   94055838
   95253570
  107607419
  116852011
  128828074
  132894753
  139633361
  140637388
  148745186
  157358732
  159934182
  163350700
  174002253
  177926549
  179212942
  182104220
  183565965
  184102598
  187892839
  194058336
  202228022
  202338706
  202889399
  203046378
  203047817
  204436714
  204752774
  204824375
  204880398
  205007905
  207136094
  223629850
  230287149
  230582172
  230784183
  231406914
  234446432
  240891933
  240891967
  246014050
  264242343
  266861037
  287982176
  292248784
  304254549
  304254578
  314531038
  334800469
  358391949
  362955355
  378038448
  405519398
  431328202
  444282386
  458318074
  494799672
  496386012
  519419188
  557456740
  611155217
  635829873
  636334339
  636383768
  636383842
  636434048
  636434122
  636535777
  636535860
  636837136
  637515842
  637911935
  637976994
  638015915
  638873436
  639531066
  640047342
  640089020
  649718381
  654689781
  664013356
  697324308
  700956778
  704722800
  717857004
  717949889
  717954264
  722795493
  723794798
  728222328
  731081460
  733415320
  734460370
  736153606
  736153608
  748970369
  750968560
  752937883
  758314581
  762338315
  762887092
  766042809
  766381171
  768262378
  777654391
  787288087
  791224743
  793128072
  794206445
  795053409
  795054683
  799596422
  800575338
  800576152
  801707083
  802077907
  804517644
  808241813
  808241819
  808246209
  808246235
  809419847
  816468544
  824030026
  837961326
  852265971
  858280900
  874453225
  875673069
  876641507
  892527743
  899091323
  899219514
  899706821
  900176015
  900176071
  900530903
  900559626
  900559688
  900559847
  900559878
  900923197
  902051636
  902350204
  902350272
  910583429
  916899420
  916899445
  916899463
  916899479
  917471777
  917616139
  917616165
  917616176
  917616186
  917616217
  918809488
  923327341
  927743700
  933383201
  936514296
  936881210
  938635862
  946485802
  957182111
  967392657
  969633685
  972387387
  983689494
  988347991
  991183461
  993980478
  996262772
  998765744
 1001471038
 1004186868
 1006085215
 1006375935
 1006391039
 1007838030
 1008655661
 1013694407
 1019985671
 1026198532
 1026229758
 1026949048
 1028483943
 1028977866
 1030831543
 1031578903
 1036273222
 1039153240
 1042541943
 1048573031
 1049707670
 1049740923
 1050113711
 1050961926
 1052661772
 1055898324
 1059748468
 1061781392
 1068256454
 1073969340
 1075261005
 1080039364
 1083045026
 1086793854
 1088846684
 1089185813
 1090551156
 1093501873
 1094427196
 1100723544
 1100937508
 1103021748
 1104469882
 1108068705
 1108451667
 1110448871
 1111739808
 1113250174
 1116318966
 1116318986
 1118741122
 1120215268
 1120622275
(244 rows)

