   osm_id   
------------
    6019573
    6023362
    6027214
    6028409
    6030242
    6035171
    6038998
    6039420
    6040776
    6042631
   18217405
   22903938
   29117026
   35606023
   37022029
   41413493
   43538902
   46309759
   49861382
   57004977
   60500948
   67472185
   69963812
   69963835
   70079214
   84272072
   86292510
   86292554
   90961593
   92367278
   92367284
   92986388
   92986464
   93628995
   93684686
   93684702
   93835328
   94055836
   95253488
   95253545
   95253573
  101142018
  114496598
  114550623
  116951788
  125438251
  129368385
  130772835
  136984854
  136984859
  139872600
  140349846
  143297653
  147479086
  148829591
  155094748
  157652983
  158938173
  160147840
  163125074
  166641800
  170856560
  174007888
  177926549
  177926552
  179909233
  179909297
  183186779
  183382464
  184094600
  184102598
  184430737
  188407174
  194034445
  199807618
  202223370
  202302050
  202336315
  202719984
  202725733
  202889414
  203046032
  203046441
  203047360
  203541579
  204418708
  204436719
  204714690
  204757472
  204758012
  204846172
  204861762
  204880530
  204881356
  205008297
  205499213
  207136099
  223629847
  225022520
  230287147
  230400118
  230400129
  230582175
  230771045
  230914632
  230921192
  231710951
  233194294
  234446435
  240891863
  240891934
  240891937
  241052739
  246014016
  264242306
  264242334
  264242350
  264246535
  269351227
  276828117
  289227319
  290760850
  292248802
  304099056
  304254550
  304254557
  304254580
  304254597
  316752320
  334627101
  342038328
  355584427
  360641615
  362955340
  364534952
  369955864
  380519951
  382186056
  413204015
  422278730
  431329898
  444072007
  445826234
  454887650
  466956599
  491221222
  494925169
  495295181
  496579996
  500780068
  524604474
  556009557
  564754046
  611152369
  612228351
  625668550
  636154176
  636334299
  636334368
  636334408
  636383769
  636383832
  636383848
  636434024
  636434052
  636434104
  636434143
  636535766
  636535804
  636535821
  636535951
  636837134
  636837138
  637515830
  637515856
  637589329
  637912078
  637976982
  637977005
  638015878
  638015918
  638377771
  638873443
  639531037
  639531070
  639783615
  640047398
  640047416
  640148953
  642650359
  652449767
  653251968
  654738416
  660413033
  689674756
  695490955
  698992079
  700593563
  701698739
  704562133
  708023405
  714526091
  717949863
  717949886
  717949891
  717951424
  718134032
  720899835
  723794798
  728062290
  728251923
  729714528
  732259093
  732703698
  733415321
  733420025
  734460389
  735079433
  736153606
  738969809
  740040045
  750968547
  750968554
  750969355
  752543610
  753064550
  756868031
  759871146
  761328064
  762338331
  762338347
  763215463
  765993399
  766271968
  766381148
  766393117
  767984513
  772249790
  776971656
  778159157
  778873089
  788185017
  791211138
  792723844
  792726417
  793129175
  794151797
  794207084
  795051207
  795053410
  795054681
  795054684
  799589886
  800575331
  800575334
  800575339
  800576150
  800576153
  801701266
  801754411
  802077107
  803189242
  804512885
  804517652
  807683072
  808241814
  808241817
  808241820
  808241823
  808246210
  808246227
  808250430
  808254284
  809419848
  812695553
  817092490
  824030001
  824030027
  825071696
  846959320
  851630851
  852266002
  858280895
  858280902
  863658669
  874453241
  875325605
  875673072
  876352111
  878733778
  884121558
  894654859
  899091100
  899091326
  899219504
  899706750
  899706777
  899706831
  900175968
  900176016
  900176057
  900176073
  900530886
  900530904
  900531006
  900559627
  900559664
  900559739
  900559806
  900559849
  900559873
  900622095
  900622210
  901393616
  902051588
  902051650
  902051680
  902350205
  902350231
  908568660
  908569612
  911569257
  914174048
  916899433
  916899441
  916899452
  916899455
  916899465
  916899473
  916899483
  917471773
  917471778
  917471786
  917616145
  917616154
  917616166
  917616172
  917616177
  917616182
  917616187
  917616194
  917616220
  917616224
  919282429
  920224957
  923516252
  924951337
  927761115
  932902216
  935928015
  936441028
  936514297
  936795727
  936881211
  937398661
  943555598
  945188859
  946485816
  956395624
  961715654
  967392654
  967392689
  967472439
  969633686
  970398116
  975632041
  978792644
  983689499
  986373393
  988347994
  991122489
  991186111
  993980472
  995004608
  995252204
  996298179
  997343213
 1000598240
 1001069566
 1001767490
 1003297503
 1004309288
 1005663488
 1006085219
 1006085230
 1006375936
 1006375947
 1006391040
 1007361866
 1007897193
 1007897199
 1008754986
 1012098612
 1014315648
 1018551409
 1020504841
 1025121816
 1026229751
 1026229754
 1026258373
 1026680931
 1027024381
 1027586795
 1028884784
 1028931124
 1028977866
 1028977867
 1029287899
 1030831544
 1031548662
 1031605312
 1033787983
 1036293586
 1039016070
 1039155377
 1040930013
 1044608617
 1046099836
 1048573034
 1048574036
 1049707684
 1049715284
 1049740924
 1050001122
 1050113713
 1050369980
 1050977953
 1051078197
 1052935461
 1055291851
 1056703774
 1057584278
 1059789017
 1061011979
 1062499550
 1066021040
 1068545621
 1072930084
 1074058653
 1074659540
 1077626374
 1079843547
 1080039369
 1081231836
 1083045035
 1085630091
 1087794827
 1088748305
 1088846685
 1089185804
 1089328377
 1090551151
 1091133398
 1092815036
 1093501882
 1094213585
 1094485260
 1098723660
 1100726130
 1100933196
 1100937511
 1102481090
 1103054855
 1104332352
 1104803175
 1107283744
 1108439480
 1108451655
 1108451670
 1110394046
 1110448873
 1110944320
 1113203809
 1113250172
 1113250175
 1116318951
 1116318967
 1116318980
 1116318987
 1118741116
 1118741123
 1119911746
 1120215271
 1120520902
 1120622283
(485 rows)

