   osm_id   |    min_longitude    
------------+---------------------
  932902211 | -10390514.627777511
  636334300 | -10390476.111233698
   46349784 |  -10390470.87921763
  697324308 | -10390469.220557217
  932902216 | -10390465.981160037
 1080052786 | -10390435.791314134
  636434061 | -10390430.358922983
  436392410 | -10390421.152801093
  759871146 | -10390392.643879501
  636434059 | -10390269.068112772
  475697975 | -10390234.369827492
  972387387 |  -10390212.85176992
    6023362 | -10390202.487925328
  927743700 | -10390202.209626602
    6026023 | -10389909.906907676
  969633694 |  -10389903.20547433
 1110394046 | -10389895.179339044
 1007361866 | -10389873.561093932
  967392654 | -10389872.158468347
  967392656 | -10389761.807457125
 1023356840 |  -10389756.29714233
 1031548662 |  -10389752.20058507
  967392657 |  -10389735.85888382
  916899433 | -10389693.401630033
  229808367 | -10389667.631167915
  969633685 | -10389660.540116351
  916899420 | -10389644.421054084
  969633682 | -10389637.062835744
  967392689 | -10389610.780303964
  933383201 | -10389605.937906114
 1000598240 | -10389598.557423875
  967392690 |  -10389593.57031069
  652449767 | -10389588.894892076
  933383200 | -10389575.970699195
  969633686 | -10389495.186144726
    6032607 | -10389442.353914395
  652977158 | -10389421.481509872
 1008754986 | -10389406.208475735
  639531070 | -10389406.197343785
  969633768 | -10389360.745595695
 1030285245 | -10389355.146225309
  731081460 | -10389345.116339188
  125438251 | -10389343.858428942
 1030833403 |  -10389342.31108802
    6042485 | -10389340.786010997
  654107289 | -10389340.429788625
  916899465 | -10389337.546613814
  636334299 | -10389337.034544157
  916899439 | -10389335.242300356
  916899456 | -10389335.097585017
    6039077 | -10389334.418536123
  916899440 | -10389330.923104111
  917616145 |  -10389330.82291657
  916899443 | -10389330.622541485
  917616139 | -10389327.750498623
  495297335 | -10389313.212173127
  637515856 | -10389312.978402195
 1006085215 | -10389296.235950781
  636434052 | -10389293.408435715
  698992079 | -10389284.335897215
  630744129 | -10389280.751409613
 1108068705 | -10389270.632467898
 1049740923 | -10389269.374557652
 1049740924 |  -10389236.85813439
  649718381 | -10389229.511047998
  916899463 | -10389197.284055414
    6029892 | -10389196.938964993
  917616146 | -10389187.209641498
  364537100 |    -10389185.350606
  166641800 | -10389126.785421897
  995004608 | -10389124.848462755
  917616167 | -10389070.457759554
  916899455 |  -10389065.90479238
  917616168 | -10389045.377478277
 1091133398 | -10389018.493821252
  917471772 | -10388956.756031657
  917471773 | -10388938.800197793
 1088851205 |  -10388933.27875105
  916899470 | -10388931.286132164
  917616165 | -10388927.445609732
    6042631 |   -10388911.5157906
  916899441 | -10388909.244872987
  917616151 | -10388907.441497236
  916899445 | -10388907.218858255
  917616166 | -10388902.365328455
    6040776 | -10388889.196232695
  967392695 |  -10388880.92519453
 1046034586 |  -10388804.49323215
 1108446776 | -10388789.687739875
  916899453 | -10388783.164417714
  708023405 |  -10388781.26085442
  916899452 | -10388764.896889275
  917616154 | -10388762.926534288
  917616155 | -10388760.377317948
  704722800 | -10388748.009722523
 1056703775 | -10388744.959568474
 1005408956 |  -10388723.00736489
  894654859 | -10388707.099809654
  925076574 | -10388703.815884678
  917471776 | -10388645.428811755
  230582175 | -10388547.144833334
 1056703777 |  -10388530.38011802
 1075261005 |  -10388503.90834311
  917471777 | -10388499.500091273
 1056703774 | -10388497.540868238
  917471778 |  -10388483.00254274
  916899484 | -10388482.445945285
  611152369 | -10388460.126387382
  652449769 | -10388458.634706205
  799589886 | -10388456.419448338
  611152368 | -10388452.378550822
 1089328377 | -10388425.461497948
  405519398 |  -10388420.12929434
  445826234 | -10388405.791343926
 1004186868 | -10388405.680024434
 1086793854 | -10388405.435121555
  240336813 | -10388400.459140318
 1027032999 | -10388351.011022504
  917616172 | -10388350.743855728
 1099375475 | -10388348.951611927
  917616174 | -10388336.840051327
 1098091880 | -10388315.722743925
 1005663490 | -10388263.046360882
 1005663488 | -10388262.890513593
  230582172 | -10388253.361565182
  750968560 | -10388252.125918834
  502414890 | -10388251.368946297
  750968548 | -10388240.192469422
   44033614 | -10388240.192469422
  917616224 | -10388224.040011307
  916899483 | -10388221.379475476
  916899454 | -10388220.756086329
  750968547 | -10388215.691049496
  917471782 | -10388213.030513668
 1118198429 | -10388212.941458074
  636334339 | -10388212.540707909
  750969355 |  -10388209.50168581
  638015879 | -10388205.583239732
  292229060 | -10388204.191746097
  638015878 | -10388204.080426607
  917471783 | -10388201.419890778
  917616225 |  -10388199.22689681
  636434048 | -10388196.054291321
  750968554 | -10388195.675805053
  750968549 |  -10388182.52897319
  488991040 | -10388176.517720686
  204713839 |  -10388176.25055391
  204436719 | -10388162.235430017
  750968559 | -10388150.769522468
  230400130 |  -10388129.93051379
  917616176 |  -10388082.15218834
  916899479 | -10388075.027740931
 1027024381 | -10388067.769710131
  917616177 | -10388064.541444898
  916899472 |   -10388062.0924161
 1118741116 | -10388036.054787204
  205007905 | -10388021.405142214
 1102713048 |   -10388004.0504336
  917616180 | -10387954.580051892
  230400129 | -10387953.956662744
  230400128 | -10387952.398189873
  927761115 | -10387945.028839583
  107607419 | -10387944.717145009
  917616217 | -10387940.431344612
  916899478 | -10387938.761552252
  917616181 | -10387933.763307115
  916072421 | -10387920.894773979
  639531066 | -10387857.810018545
  230400127 |  -10387845.65393015
  917616182 |  -10387824.01342114
  917616183 | -10387805.066843808
  993980474 | -10387748.906160703
  917616193 | -10387746.245624872
  205008297 | -10387737.763079673
   55057033 | -10387736.983843237
  761328064 | -10387736.137815109
  917616194 |  -10387720.16346818
  917616186 | -10387694.671304788
  917616187 | -10387675.479824575
  916899473 | -10387661.787527207
  917616216 | -10387655.019302169
  636535821 | -10387605.270621732
 1091135771 | -10387600.283508545
  114550623 | -10387594.350179685
  204714690 | -10387593.904901722
  761328058 |  -10387592.61359563
  728062290 |  -10387587.05875304
  917616220 |  -10387584.25350187
  917616192 | -10387566.464647241
  204881356 | -10387554.586857574
  917616222 | -10387488.207045214
  986373393 | -10387476.006429022
  986373499 |  -10387454.98930916
  204714692 | -10387452.640467906
  160147840 | -10387448.388063358
  875355269 | -10387440.718150442
  874433021 | -10387408.769456584
   86292565 | -10387379.726201437
  917616223 |  -10387376.53133205
 1006085230 | -10387360.312082242
  728065321 | -10387353.543857202
  881108245 | -10387311.331506293
  765845830 | -10387299.453716625
  917471786 | -10387268.462370388
  924376971 | -10387250.094654407
 1105942640 | -10387183.503335014
  874465442 | -10387176.757373873
  908569359 | -10387172.148746954
   86292510 |  -10387168.80916223
 1105942647 | -10387166.950126734
 1094427196 | -10387099.034105401
  183565965 | -10387073.686657349
  364534952 | -10387071.348948041
  204418709 |  -10387052.36897486
  993980478 | -10387040.157226719
  881108252 | -10387038.164607836
  204418708 | -10387038.019892497
  636535855 | -10387038.019892497
  875673069 | -10387037.674802076
  636535860 | -10387033.066175157
  637589330 | -10387025.696824867
  766381146 | -10387025.207019107
  765993399 |  -10387025.15135936
   43287003 | -10387023.748733778
  761328051 | -10387023.080816831
 1118741120 | -10387015.154869087
  993980472 | -10387014.832042566
  875673072 | -10387013.640924012
  179909297 |  -10387004.86894814
  140637388 | -10386965.094494076
   57004977 | -10386907.586845135
 1090551151 | -10386894.629256407
  762338331 |   -10386885.6235096
    6019573 | -10386881.738459373
  761328065 | -10386880.825639548
  849210170 | -10386855.823281916
  837961326 | -10386755.479892915
  875673076 | -10386755.079142747
  695490955 | -10386754.656128684
  205161195 | -10386751.806349719
 1003297504 | -10386747.153195003
  762338343 |   -10386745.3609512
  762338342 | -10386745.004728831
  695490953 | -10386743.913797822
  695490954 | -10386741.175338348
 1088846684 | -10386741.175338348
  717857004 | -10386740.997227162
 1088846685 | -10386740.763456231
 1050113713 | -10386734.796731526
  794058444 |  -10386725.41249845
 1029287899 | -10386712.911319636
  612228351 | -10386712.343590232
  381523197 | -10386677.556249358
  766381167 | -10386675.096088612
   92986474 | -10386672.068198463
  924376967 | -10386624.601567589
 1120622275 | -10386624.456852252
  119059393 | -10386623.132150311
 1120520902 |  -10386622.29725413
 1050113711 |  -10386616.01883485
  766271968 | -10386608.671748456
 1094213583 | -10386607.525157701
    6027916 |  -10386604.76443433
 1118741122 | -10386599.821848938
 1118741123 |  -10386598.10752878
 1090551153 | -10386596.493396163
  766393117 | -10386595.847743118
 1090551156 | -10386595.769819472
 1090551150 | -10386594.211346602
  444072485 | -10386586.563697586
    6036770 | -10386536.280683594
   86292554 | -10386531.805640064
 1050113709 | -10386517.534481343
 1003297503 | -10386498.532244265
 1065067246 |  -10386484.94013444
  205162542 | -10386468.943523612
  762338347 | -10386467.362786844
  766381171 | -10386455.607448617
  179909286 | -10386436.282385016
   92986388 | -10386400.025626862
  766381148 | -10386396.018125195
   57004983 |  -10386364.73734828
  640047398 | -10386344.043054942
  422278730 | -10386342.106095802
  762338315 | -10386327.244943783
  762338350 | -10386326.154012771
  766373324 |  -10386316.00167521
  179909284 | -10386295.797187634
 1028963809 |  -10386284.33128008
   46309759 |  -10386266.33091842
  114498307 | -10386250.601474369
 1119911746 | -10386190.711588325
  849808804 | -10386180.347743731
  204752774 | -10386173.679706233
  179909302 | -10386153.074468486
 1118741124 | -10386139.359907221
  611155216 | -10386087.562948156
  876352111 | -10386050.838648142
  204846172 |  -10386047.96660528
  876352110 | -10386030.266806245
  801754411 | -10386004.718983106
 1082997743 | -10386004.340496838
 1119911744 | -10385938.450490238
  334800469 | -10385933.418849254
  611155217 | -10385928.821354283
  921461249 | -10385920.817482894
  636434104 |   -10385918.9361835
  204339005 |  -10385914.34982048
    6043235 | -10385907.559331544
  204436714 | -10385898.932071006
  496386012 | -10385881.521702645
  114498261 | -10385827.487221817
  116852011 | -10385794.447596947
  988347991 | -10385794.169298219
    6039420 | -10385755.986712879
  799596422 | -10385753.526552131
  874459703 | -10385747.003229972
 1100723544 | -10385727.845145606
  230400118 |  -10385712.42739613
  143297653 | -10385686.690329859
  230588292 | -10385656.422560314
  640047412 | -10385648.429820873
 1061781392 | -10385633.268106228
  728222328 | -10385631.264355393
  862424538 | -10385621.212205375
  639531057 |  -10385619.20845454
  204612089 | -10385619.041475303
  704555466 |  -10385586.45826035
   45719872 | -10385557.982734604
  230287149 | -10385550.546592617
  101142018 | -10385540.049164636
 1098723660 | -10385539.080685068
  230588291 | -10385522.193518313
    6038749 | -10385513.933612097
  725423600 | -10385480.960778924
  876385773 |  -10385466.02170326
  204821417 |  -10385461.07911787
    6039337 | -10385460.466860669
  733415321 | -10385453.976934355
  733415320 |  -10385453.93240656
 1120622283 | -10385443.791200949
  636334368 |  -10385441.58707503
    6035141 | -10385435.108280666
  812695553 | -10385432.225105854
  772249790 |  -10385427.54968724
  230287148 | -10385422.896532526
   86292525 |  -10385410.38422176
 1006085219 |  -10385371.01051787
 1006085222 | -10385365.644918412
 1094213585 | -10385360.368374549
  640047406 | -10385351.574134775
  636837138 | -10385349.982266057
    6022782 | -10385337.147128768
  421031156 | -10385302.036961373
  204847115 | -10385283.056988193
  230287147 | -10385270.800712256
  174010065 | -10385246.154576994
  496580003 | -10385230.692299724
  659621796 | -10385222.521449098
 1094213584 | -10385204.710330572
  355584427 | -10385190.561623292
  874453241 | -10385184.472447146
  639783577 | -10385150.742641436
  876641507 |  -10385124.69388059
 1104332351 | -10385098.300029323
  230921192 |  -10385095.94005612
 1103021748 | -10385088.470518285
 1104332357 | -10385088.470518285
  496579996 | -10385086.934309313
  636334388 | -10385080.989848504
 1104332349 | -10385079.175340803
 1104332352 |  -10385078.71893089
  902152975 | -10385069.100926887
  458318074 | -10385065.906057501
 1088748305 |  -10385054.78524037
 1088748310 | -10385054.729580626
  230287145 |   -10385053.2267675
 1113250181 |  -10385017.31509977
   92986383 | -10384997.878716677
  230921200 | -10384939.024101896
  892527743 | -10384938.300525207
  205499213 | -10384908.177470997
  636383848 | -10384869.571871588
  203541579 | -10384866.699828727
 1081231836 | -10384854.855434906
 1028884784 | -10384851.582641877
   92986447 | -10384846.406285556
 1051011647 |  -10384842.95538134
  654738416 | -10384813.878730346
  710384778 | -10384813.210813401
  497023609 |  -10384793.74103446
 1003046036 | -10384786.082253493
  900923148 | -10384784.969058586
  991186111 | -10384784.123030458
 1079776600 | -10384780.560806751
 1055608200 | -10384780.126660738
  432828949 | -10384780.026473196
  807719307 | -10384779.892889807
 1004309289 | -10384778.712903203
  988347994 | -10384778.245361343
  991157201 | -10384778.211965496
 1018531960 | -10384778.111777954
  204824375 | -10384775.406714326
  704562133 | -10384766.812849637
 1004309288 |  -10384764.74230711
  301500708 | -10384760.078020446
  874453225 | -10384759.855381465
  996615870 | -10384752.730934052
 1050977953 | -10384750.281905256
  900923197 | -10384741.120311163
  997343213 |  -10384738.49317118
  975632041 |  -10384719.40187851
   84272072 |  -10384715.50569633
 1088748300 | -10384714.225522187
 1050315030 | -10384702.147357436
   69963835 |  -10384699.79851618
 1107283744 | -10384698.240043309
 1001069566 | -10384690.681449885
   92986464 | -10384689.490331333
   67472185 | -10384652.120378274
 1050961926 |  -10384651.92000319
  900622112 |   -10384644.5506529
  902051680 | -10384644.394805614
  991183461 | -10384632.316640861
 1089120122 | -10384622.086379658
  114496598 | -10384603.785455372
  234508488 | -10384590.360324783
   92986450 | -10384574.642012682
  996262772 | -10384573.818248449
 1108439480 | -10384564.823633594
  810781285 | -10384522.967505056
  199807618 | -10384521.130733456
  892079511 | -10384513.627799777
  900622210 |   -10384504.9003517
  756868031 | -10384501.794537907
   92189551 | -10384499.234189618
  225022520 | -10384494.358395921
  900622101 | -10384490.250706712
  772250372 |  -10384489.07072011
  900622095 | -10384486.944517836
   67472195 | -10384447.504022246
  178547027 | -10384440.657873563
  908569612 | -10384431.696654553
  204757474 |  -10384431.65212676
  204757472 | -10384431.195716847
  878733778 | -10384420.876400048
    6030242 | -10384378.107451685
    6027372 | -10384375.357860263
  636434122 |   -10384373.6880679
  637976994 | -10384365.884571599
   86292528 | -10384347.650439003
 1006375948 | -10384336.652073314
 1006391039 | -10384320.109996984
  205518852 | -10384308.499374092
   67472194 | -10384294.116895882
  996298179 | -10384290.521276329
  758314581 | -10384253.607733184
   42823723 | -10384235.707559064
   84272076 | -10384223.540338721
  639531037 | -10384195.532354837
  854967091 | -10384192.337485451
  976239185 | -10384191.380137831
   94055838 |  -10384155.11224773
  902350272 | -10384148.511001926
   69963812 | -10384112.833105125
  902350242 | -10384101.478517065
  204758011 | -10384085.871524455
 1039153240 | -10384054.356976612
  764119195 | -10384047.677807165
  733420008 | -10384039.918838656
  900530928 | -10384039.095074425
    6041520 | -10384020.449059717
  846959320 |  -10384019.32473286
 1100934522 | -10383987.019816631
  902051673 | -10383962.985938568
 1104803175 | -10383959.178811984
 1006375945 |  -10383947.00045969
 1113250174 |  -10383944.82972962
   69963828 | -10383928.588215914
  204758012 |  -10383909.53031909
 1006682760 |  -10383899.61175246
  816468544 | -10383877.537097435
   94055837 | -10383868.620406223
  204924299 | -10383863.633293036
 1078096225 | -10383859.492207978
  902350215 | -10383857.009783333
 1059886758 | -10383849.417794062
 1088341444 | -10383846.111605186
 1120215268 | -10383837.194913972
  636383837 | -10383833.398919336
  900530904 | -10383819.740017816
 1113250175 | -10383817.302120969
  902350228 | -10383805.557914687
  728255828 | -10383798.622710412
  728251923 | -10383798.032717112
  902350231 | -10383779.075007828
  900530903 | -10383763.056133103
  900530943 | -10383752.391725887
 1098060469 |  -10383747.51593219
   69963814 | -10383747.471404392
  639530855 |  -10383736.26153167
   94055833 | -10383733.211377623
  700956778 |  -10383714.62102266
  991122489 | -10383714.531967066
  902350205 | -10383703.333226293
  900175970 | -10383698.624411833
  900175968 | -10383696.954619471
  704562141 | -10383694.282951692
  900176054 |  -10383681.62592559
  900176057 | -10383680.590654325
 1120215267 | -10383669.325121857
   35606236 | -10383669.046823129
  638873436 | -10383668.590413217
  636434106 | -10383663.458584692
  637589306 | -10383660.352770898
  636535951 | -10383654.731136613
  495295181 |  -10383654.64208102
  444072007 | -10383651.781170107
 1059748468 | -10383651.102121213
  900530897 | -10383646.871980565
  902350204 | -10383642.664103812
  204880398 | -10383640.537901536
  636434149 | -10383639.602817815
   39723834 | -10383639.090748157
  920224957 | -10383635.094378438
  902051631 | -10383627.669368401
  728255880 | -10383625.253735451
  900176085 | -10383597.802349024
  768262378 | -10383586.147198336
  993270772 | -10383585.568336982
  768262377 | -10383584.967211733
   94055836 | -10383578.399361776
  642650359 | -10383568.191364469
  902051636 |  -10383559.49731224
 1006391040 | -10383554.109448886
  500780068 |   -10383545.4710564
  902051666 | -10383542.877312263
  194058336 | -10383522.205282826
  792726417 |  -10383519.96776106
 1120215271 | -10383519.143996827
  204861331 | -10383512.320112042
  710758017 | -10383509.826555448
    6029532 | -10383507.399790548
  801701266 | -10383506.475838775
 1006085220 |  -10383506.43131098
  264242350 | -10383503.113990152
  792726416 | -10383501.611177027
  278430055 | -10383501.010051776
  852265971 | -10383500.709489152
 1008655661 | -10383497.147265447
 1057584278 | -10383486.616441617
  825074398 | -10383486.560781872
  139633361 | -10383456.437727664
 1008655660 | -10383450.137044486
   94055834 | -10383445.227854941
  636535817 | -10383436.389087372
  174007888 | -10383427.249757178
 1089185811 | -10383422.830373393
  900176015 |  -10383417.53156563
 1089185813 | -10383391.839027157
  902051650 | -10383391.215638008
  179909233 | -10383387.876053283
 1100726130 |  -10383379.20426495
  734460370 | -10383373.026033211
  163350607 | -10383371.868310507
 1007897193 | -10383367.671565704
  264242306 |  -10383367.34873918
  700231763 | -10383363.051806837
  204881203 | -10383362.940487348
  636434143 | -10383360.535986343
   41413493 | -10383356.305845695
  718134032 | -10383356.038678918
  264242315 | -10383350.172141751
  696417399 | -10383347.233307196
  900176061 |  -10383324.07885311
 1089185804 | -10383320.204934832
 1026680931 | -10383320.026823645
  900176016 | -10383318.557406368
 1061628064 |  -10383314.31613377
 1111739808 |  -10383307.28074195
 1040536345 | -10383300.245350132
   22649572 | -10383297.673869895
 1050251188 |  -10383291.29526307
 1001471038 |  -10383273.91829056
  734281195 | -10383268.630614746
  752875002 |  -10383259.15732608
  767984513 |  -10383229.27917475
  264242334 | -10383227.075048834
  794209140 | -10383220.162108453
  264242353 | -10383219.538719306
  900530886 | -10383218.191753466
  808250432 | -10383215.097071623
 1113250173 |  -10383213.68331409
  264242343 | -10383210.098826487
  852266002 | -10383209.731472168
  792723844 | -10383207.783381078
  264242339 |  -10383206.06906092
  718970959 | -10383192.131860672
 1028977866 | -10383187.768136635
 1028977867 | -10383187.768136635
  825071696 |   -10383180.3208627
  639531029 | -10383179.430306774
 1113243999 |  -10383177.52674348
  900176034 | -10383169.411552602
 1113250172 | -10383165.326127289
  799591542 | -10383159.259215042
  751193699 | -10383149.296120616
  751193700 | -10383148.427828588
  900559806 |  -10383145.61144547
  639783605 | -10383137.451726794
 1011624231 |  -10383130.99519633
  900530884 | -10383125.317902299
  900559627 | -10383105.013227178
  808250431 | -10383097.543689346
  290760850 | -10383090.586221172
  264242324 | -10383089.328310926
  792723846 |  -10383087.45814348
  264242354 | -10383077.962590916
  204880313 |   -10383076.9384516
  801701265 |   -10383076.9384516
  638015872 | -10383076.526569484
    6035171 | -10383075.268659238
  767983808 |  -10383075.25752729
  956164957 | -10383075.146207798
  808250430 | -10383075.012624409
  183455959 | -10383069.168351144
  734460395 | -10383066.129329044
 1113337065 | -10383064.303689394
  791224734 | -10383061.431646533
  901393620 | -10383052.904573537
  900176071 | -10383045.546355197
  564754046 | -10383039.434915151
   93835328 | -10383021.423421541
  900559626 | -10383018.128364613
  740832618 | -10383015.234057853
  777654391 | -10383004.224560212
  413204020 |  -10382987.70474778
  795054683 | -10382961.188445073
  640047416 | -10382957.526033826
  900176073 | -10382946.906154403
  795054684 | -10382925.621867767
  998765744 | -10382920.300796106
  793129177 | -10382919.176469248
  204880530 |  -10382917.45101714
  204880531 | -10382912.664279036
  899706849 | -10382910.771847693
  899706845 | -10382872.400019215
  636383842 | -10382865.676321974
   93835322 | -10382863.906342069
  413204015 | -10382859.442430489
  740040045 |  -10382857.96188126
  805502115 | -10382845.772397019
  636434196 | -10382831.801800925
  808246235 | -10382811.029583942
  791224743 |   -10382810.3171392
  908568660 | -10382801.957045443
  793129175 | -10382796.112772176
  790242443 |  -10382792.92903474
 1036273222 | -10382792.628472116
  808246233 | -10382790.724908821
   37022230 | -10382789.700769506
  734460392 | -10382786.294393089
  908568661 | -10382784.891767504
  203046056 | -10382781.986328794
  732703701 |  -10382780.21634889
  793128072 |  -10382774.19396444
  901393618 |   -10382765.5889678
  734460389 | -10382753.666650334
  899706831 |    -10382745.651647
  740036947 | -10382727.940716015
   93835324 | -10382726.760729412
  961715654 |  -10382725.54734696
 1033787981 | -10382717.320836592
  808246227 |  -10382677.20129211
  901393616 | -10382676.655826606
  351550443 |  -10382672.61492909
  793128071 |  -10382666.09160693
 1102469817 | -10382662.106369158
  231406914 | -10382661.716750942
 1083983452 | -10382659.423569432
  794151797 |  -10382658.71112469
  637515830 |  -10382657.25283936
  773912429 | -10382653.913254635
  203046032 | -10382649.794433476
  899706750 | -10382633.207829349
  794206438 | -10382631.293134108
  636154176 | -10382596.361077897
  820774033 | -10382594.112424182
 1016093383 |  -10382589.90454743
  899706774 | -10382584.772718905
 1042541943 | -10382567.262163002
  899706777 | -10382562.564480493
 1033787983 |  -10382562.46429295
  808246225 | -10382540.645672753
 1042541941 | -10382538.619658023
  794206445 | -10382530.248432314
  900559740 | -10382525.316978872
  794207084 | -10382513.873335218
  944024159 | -10382513.595036492
  900559655 | -10382513.327869713
  637515831 | -10382512.092223365
  900531010 | -10382508.619055253
  799426491 | -10382507.962270256
  638015918 | -10382507.750763224
  808246216 |  -10382498.87859981
  126155306 |   -10382497.1754116
 1061011979 | -10382496.863717025
  795051207 | -10382496.340515418
  714526091 | -10382496.028820844
  900559739 | -10382495.527883137
  900559753 | -10382492.889611205
 1110944320 |  -10382492.81168756
  795054678 | -10382481.624078736
  944024160 | -10382480.633335268
 1036293586 | -10382479.353161125
 1031188220 | -10382473.620207349
  899706787 | -10382462.510522166
   93628972 |  -10382447.83861328
  230784183 | -10382442.116791453
  640843691 | -10382440.736429768
  524604474 | -10382412.160716482
  732703698 |  -10382408.07529117
  808246210 |   -10382391.9784928
 1049730634 |  -10382378.33072323
  736153608 | -10382376.271312648
  736153606 | -10382376.271312648
   18016754 | -10382368.490080243
  795051203 |  -10382367.06519076
   67196987 | -10382365.651433228
  808246209 | -10382361.911098337
  795053409 |   -10382361.7441191
    6039846 |  -10382342.17415262
 1006375936 | -10382316.737648973
 1028931124 | -10382295.431098435
  640843684 | -10382291.200957786
  900559658 | -10382286.993081033
  639783615 | -10382267.501038194
 1102481090 | -10382251.537823215
  808254284 | -10382247.808620274
 1110944316 |  -10382246.26127935
  900559688 | -10382242.431888867
  900559877 | -10382239.526450159
  795053410 | -10382236.743462889
 1007897199 | -10382235.574608235
   93629005 |  -10382233.45953791
  116845409 | -10382230.743342334
 1059851900 | -10382228.761855397
  203045735 | -10382225.778493045
  778873088 | -10382225.277555337
  778873087 | -10382225.066048305
  454887650 | -10382224.175492378
  808254286 | -10382214.702203711
  795053411 | -10382213.199390585
  900559878 | -10382212.219779067
  778159157 | -10382209.481319593
  899219504 | -10382166.200301575
   93629007 |   -10382162.8718488
  230783178 | -10382161.424695417
 1109904027 | -10382156.036832063
  900559664 | -10382146.496751701
  636383832 |  -10382143.26848647
 1074496937 |  -10382117.39783681
  701698739 |  -10382116.55180868
  795054682 | -10382105.308540108
  899219507 | -10382086.751580995
   93628995 | -10382079.026008334
  899091098 | -10382075.664159711
    6021835 | -10382072.936832188
  795054681 | -10382066.524829516
  899091074 |   -10382059.4671738
  899706762 | -10382055.737970859
  636154195 | -10382048.001266249
 1083045035 | -10382019.358761268
  638798780 |  -10382016.05257239
  128828074 | -10382000.401051985
 1049655211 | -10381995.313751256
  900559678 | -10381994.746021854
  899091100 | -10381986.719886567
  218809412 | -10381973.417207418
  808246208 | -10381963.320529602
  809419848 | -10381961.372438515
  900559872 | -10381954.737796862
  266861037 | -10381953.279511534
  636434035 |  -10381951.13104536
 1068545621 | -10381950.496524263
  795053399 |  -10381950.18482969
  924951337 | -10381949.906530961
   35606023 |  -10381949.79521147
 1012364660 | -10381947.680141147
  495120371 | -10381944.663382946
 1031578903 | -10381944.028861847
 1007811447 |  -10381940.75606882
  778873089 |  -10381940.26626306
 1086014312 | -10381939.553818317
  246007354 | -10381935.290281821
  808241823 | -10381933.542565815
  809419847 | -10381932.785593279
  748970369 | -10381931.037877273
  978792644 | -10381929.267897367
  900559873 |  -10381928.04338297
  799412900 | -10381923.067401731
   93684701 | -10381906.803624127
  636334387 | -10381898.354474775
   92367284 | -10381861.830549845
 1081125906 | -10381841.548138624
 1006375943 | -10381830.905995304
  808241822 | -10381821.254595451
 1025121807 | -10381817.347281326
  800576154 |  -10381809.91113934
  938635862 | -10381805.547415301
  899219514 | -10381802.141038883
  491221222 | -10381799.346919665
  184094600 | -10381796.775439426
  808241821 | -10381794.059243852
  157652983 |  -10381792.60095852
  800576153 | -10381785.521038907
  957182094 | -10381784.697274676
  230919015 | -10381760.774716105
  899091109 | -10381752.915560056
  899706821 |  -10381743.39774359
   93684702 | -10381739.802124038
 1113250171 | -10381735.238024916
   92367285 | -10381730.451286813
  856536916 |  -10381684.88821923
  808241820 | -10381678.398292916
  800576152 |   -10381670.1161228
 1068545624 | -10381668.179163663
   49861382 | -10381666.197676726
  723794798 | -10381652.906129524
  723794799 | -10381652.906129524
 1018551409 | -10381651.447844196
  808241819 | -10381651.258601062
  899219458 | -10381650.523892421
  800576151 | -10381644.434716275
  957182111 | -10381642.108138919
   93684691 | -10381638.679498602
  202052001 |   -10381632.6682461
  908576705 | -10381628.259994263
  151368636 |  -10381624.31928429
  900559847 | -10381612.675265554
  900559849 |  -10381608.72342363
  230919008 | -10381604.905165095
   92367283 | -10381586.537449116
   23125939 | -10381578.689425012
  640148953 | -10381559.976618612
    6038998 |  -10381548.86693343
  808241818 | -10381534.005781408
  800576150 | -10381528.606786106
   67196983 | -10381518.476712443
  269351227 | -10381514.903356789
  808241817 | -10381510.239070123
  899091326 | -10381508.469090221
  800576149 | -10381505.396672277
  718969516 |   -10381491.1811733
  900531006 |  -10381483.09937827
   92367278 | -10381446.786960373
  900559839 |   -10381444.0485009
  900559863 | -10381442.645875314
  638873443 | -10381406.244401824
  808241816 | -10381392.685687847
  800575340 | -10381388.989880754
  733420024 | -10381383.791260533
  733420025 | -10381381.119592754
 1019935165 | -10381379.973001998
   35605997 | -10381379.739231069
  808241815 | -10381366.325232426
  800575339 | -10381363.208286684
 1025121816 | -10381354.158012083
  919291616 | -10381340.966652425
  203046378 | -10381292.498146133
  899091323 | -10381287.455373202
  899219431 | -10381275.032118026
  556009557 |  -10381262.29716828
  808241814 | -10381247.369224565
  800575338 | -10381245.576980764
    6027214 | -10381238.708568182
  808241813 | -10381226.218521314
  800575337 | -10381223.557985485
   46648032 |  -10381190.72986765
  123445127 |  -10381190.72986765
  918809488 | -10381151.467483247
 1063805497 |  -10381137.04047724
  170856536 | -10381112.360946132
  946485771 | -10381104.101039913
  946485816 | -10381103.845005086
 1110941321 |  -10381098.46827368
  946485802 | -10381083.195239544
  638053945 | -10381082.672037937
   92367280 | -10381025.554007212
  638377771 | -10380994.662848515
  923516252 | -10380965.519405827
   37022029 | -10380963.749425922
  800575334 | -10380962.291140594
  800575333 | -10380939.682152012
 1055898324 | -10380925.911931003
 1025121823 |  -10380898.11545415
   90961593 | -10380894.709077733
 1012086883 | -10380884.222781701
  454070521 | -10380865.198280724
  637977005 | -10380852.741629703
  992728644 | -10380850.693351071
  637977010 | -10380837.212560738
  637515842 |  -10380824.60006243
  807683072 | -10380823.464603625
  800575331 | -10380822.796686681
  276828116 | -10380820.993310928
  801707083 | -10380815.137905713
  638015915 | -10380811.230591586
   35605974 |  -10380810.58493854
  276828117 | -10380808.592319654
 1039155377 |  -10380800.68863581
  800575332 | -10380798.785072515
  177926549 | -10380796.503022954
  177926552 | -10380796.503022954
  807680159 | -10380790.625353841
 1100933196 |  -10380743.09193127
   84506746 | -10380738.594623845
  170856560 | -10380685.161268262
   37022024 | -10380680.096231433
  803189242 | -10380680.062835583
  902051588 | -10380674.029319182
  802075726 |  -10380657.74327768
 1111686775 | -10380648.169801472
  203046441 | -10380642.815333964
   90961595 | -10380601.059392968
   93684686 | -10380600.948073478
  767765545 | -10380550.531476097
  851630856 | -10380539.956124472
  978792650 | -10380530.104349537
  801701268 | -10380527.365890063
  802077106 | -10380515.053954381
  264492593 | -10380475.279500322
  264246535 | -10380460.874758212
  851630851 | -10380455.230860028
  184430737 | -10380413.074168867
 1059789017 | -10380402.576740883
 1014315648 | -10380398.602635063
  802077107 | -10380397.812266678
  735079433 |  -10380396.81039126
  802077108 | -10380374.980639117
 1100937513 | -10380339.992923161
  495113098 | -10380316.459982805
 1100937508 | -10380307.064617783
 1066023436 | -10380283.476017686
  640047573 | -10380264.329065269
  802077907 |  -10380257.64989582
  803200029 | -10380256.247270236
 1007897194 | -10380255.423506005
  717949885 |  -10380254.36597084
 1058943507 | -10380253.208248138
 1002533003 | -10380252.863157718
  636535777 | -10380250.592240104
  246014050 | -10380250.247149684
 1050369980 | -10380249.267538164
 1012098612 | -10380248.076419612
  494050409 | -10380247.363974871
 1006375935 | -10380247.274919279
  380519951 |  -10380247.14133589
  234446432 |  -10380246.13946047
 1006375947 | -10380245.894557593
  970398116 |  -10380243.51232049
 1068256454 |  -10380241.31932652
 1026949048 | -10380240.039152376
  192484776 |  -10380237.70144307
  183239666 | -10380237.590123579
 1006375922 | -10380234.350726398
  804512885 |  -10380231.54547523
  715628403 | -10380226.536098145
  717949887 | -10380223.908958161
  717949882 |  -10380223.31896486
 1083045026 |  -10380220.16862327
 1100937511 |  -10380218.95524082
 1000983680 |   -10380217.9978932
  717949886 | -10380206.899339968
  220666601 | -10380197.648690283
  729714528 | -10380193.284966243
 1020504841 | -10380178.646453204
   50235907 | -10380175.429319922
  170930069 | -10380172.345770026
 1072483959 | -10380166.390177269
  202337891 | -10380128.964564463
  304230632 | -10380126.381952276
  803200033 |  -10380112.68965491
 1046601762 |  -10380107.63575003
  494925169 |  -10380103.86201929
  824030001 | -10380093.141952328
  717949891 | -10380072.826145256
  717951425 | -10380065.256419882
  192484779 | -10380059.890820427
 1094214268 | -10380059.167243736
  717951424 | -10380056.651423244
  717951423 | -10380054.558616817
  202889640 | -10380052.510338187
  700750429 | -10380048.903586684
  732423840 |  -10380044.85155722
 1048573031 | -10380027.363265216
  717949863 | -10380015.095857332
 1048573034 | -10380003.129012072
  240891931 | -10379976.568181567
  332490868 | -10379949.495281408
 1049707670 |  -10379898.66680191
  717949889 | -10379897.553607002
  717949892 | -10379897.486815307
  732423843 |  -10379896.61852328
  554315303 | -10379885.508838098
 1040930013 | -10379885.442046404
  204861762 | -10379882.870566167
 1048574036 | -10379874.109722242
  240891966 | -10379811.125154352
 1048574030 | -10379807.117652683
  636383776 |  -10379784.04112224
  234446435 | -10379728.303453201
  380632914 | -10379721.947110275
 1040930012 | -10379712.440425763
  990895586 | -10379697.801912723
 1048574033 | -10379697.423426453
  990895581 | -10379697.211919421
 1049707684 | -10379695.219300536
  240891933 | -10379693.193285804
  230771045 | -10379691.478965646
  382186056 | -10379689.363895321
  202889399 | -10379681.270968342
  202719984 | -10379675.994424477
  919282429 |  -10379673.04445797
  240891937 | -10379670.550901376
  622498830 | -10379667.356031992
  240891934 | -10379552.563373085
  202889414 | -10379537.468450133
  356069137 | -10379535.553754892
  637976963 | -10379531.523989325
  241052739 | -10379529.397787051
  240891935 | -10379524.143507086
 1049712136 | -10379517.464337638
 1107782880 | -10379513.056085803
   60500948 | -10379471.177693365
  995252204 | -10379466.914156867
 1019985671 | -10379433.095295565
  240891936 | -10379409.740466397
  240891863 | -10379395.146481154
  240891967 | -10379385.172254778
 1001118633 |  -10379384.19264326
  304254554 | -10379369.620921915
  943555598 | -10379369.119984206
  304254593 | -10379344.807807418
 1049715257 | -10379340.878229393
  354618763 |  -10379323.01145112
  995252207 | -10379308.851611892
 1007897196 | -10379307.259743173
 1028147608 |  -10379283.82699036
  241052744 | -10379268.153206056
    6024826 | -10379258.334826969
  637976987 | -10379257.344083501
  937387643 | -10379206.259569176
  704086794 | -10379197.365141861
 1120242112 |  -10379189.41693022
  140405100 | -10379184.307365593
 1120242110 | -10379180.622690447
 1000954305 | -10379166.585302657
  304254549 |  -10379166.18455249
  976203890 | -10379156.221458064
  361224169 |  -10379146.34741923
  466956599 | -10379122.257881423
 1087794827 | -10379114.844003335
  945188859 | -10379114.654760202
   22903938 | -10379113.931183511
    6040389 | -10379109.389348289
  431329898 | -10379071.362610234
  923327341 | -10379042.809160845
  304254557 | -10379024.630687999
  304254558 | -10379018.085101938
  140349846 | -10379017.628692027
  183239688 | -10379002.622824667
 1051078197 | -10378980.258738969
 1092815036 | -10378967.000587614
  938101634 | -10378956.803722257
  369208112 | -10378937.846012976
  875325605 | -10378930.565718278
  170402501 | -10378928.673286933
  790033769 | -10378908.958605114
  375113510 |  -10378896.07894003
 1113203809 | -10378838.805062016
  342038328 | -10378827.918015819
  202302050 | -10378825.090500752
  304254578 | -10378817.999449186
 1049715284 | -10378813.925155824
  494799672 | -10378770.543950262
  624495175 | -10378757.397118399
  967472439 | -10378745.741967715
  313733893 |  -10378745.65291212
  824030025 | -10378702.327366304
  824030026 | -10378685.328880059
  972263824 |  -10378677.72575884
  636535807 | -10378667.473233737
  304254596 | -10378663.888746133
  937398661 | -10378661.584432675
   99663981 | -10378654.448853312
  995211967 | -10378649.973809784
  812585181 | -10378641.602584075
  304254597 | -10378638.485638333
  183186779 |  -10378613.39422511
  246014016 |   -10378592.9559666
  756531031 | -10378588.269416038
  884121558 | -10378586.454908337
  637976981 | -10378585.141338347
  202720737 | -10378569.066803874
  824030027 | -10378568.220775746
   43538902 | -10378559.359744279
  246014023 | -10378554.984888291
  202338706 | -10378544.621043697
  824030033 | -10378542.249938544
  159934182 | -10378512.627822043
 1049744459 | -10378507.317882333
  858280902 | -10378491.454854894
 1049744457 | -10378477.751425577
    6028409 |  -10378399.72759448
  203047817 | -10378395.987259591
  722106845 | -10378387.693957526
  664013356 | -10378373.767889228
  919286157 | -10378373.500722451
   99663990 | -10378351.570782764
  776971656 | -10378351.170032596
  858280900 |  -10378313.90026708
  858280895 | -10378310.304647526
  858280896 | -10378309.670126429
  187892839 | -10378298.604969043
 1007838030 | -10378288.530555127
  369955864 | -10378270.107179401
 1050001122 | -10378269.116435932
  163125074 | -10378214.436302055
  776971658 | -10378170.888117258
  787288087 | -10378158.899008099
  804517644 | -10378139.763187632
  304254550 | -10378123.588465618
  804517643 | -10378123.388090536
  304254555 | -10378116.419490412
  203047344 | -10378112.846134758
  202336315 |  -10378028.41030099
  444282386 | -10378004.343027081
 1091883715 |  -10377999.15553881
  287982176 | -10377996.305759845
  637515891 | -10377996.083120866
  204339245 | -10377996.083120866
  156576577 |  -10377995.40407197
  788185017 | -10377991.997695552
 1108451653 | -10377985.797199914
  636334410 | -10377979.162558265
  717954264 | -10377976.168063963
  202723474 | -10377974.264500668
 1066021040 |  -10377972.79508339
 1031566422 |   -10377970.8915201
  203047280 | -10377970.624353321
  203047361 | -10377967.217976902
 1108803125 |  -10377964.08989921
  640047342 | -10377956.397722397
  637515787 |   -10377954.5386869
  203047360 | -10377941.313931394
 1108451657 | -10377938.308305142
 1108451655 | -10377937.261901928
  557456740 | -10377838.788680375
  635829873 |    -10377836.027957
  965826219 |  -10377835.91663751
  304254580 | -10377810.346550478
  720899835 | -10377758.638647001
  130772844 | -10377674.837334333
  804517652 | -10377672.521888923
  824030029 | -10377667.957789803
  998058390 | -10377653.575311592
 1046099836 | -10377637.812471695
 1062499550 |  -10377602.42400557
 1036315668 | -10377601.310810665
  935935015 | -10377551.150248112
  757115398 |  -10377530.86783689
  636383868 | -10377530.444822825
  636535770 |  -10377525.17941091
  730886802 | -10377515.639330551
  130772835 | -10377489.323402926
   80675933 | -10377420.015887959
  956395624 | -10377390.749993829
 1079843547 | -10377358.111119129
  636434024 | -10377352.200054167
   95253499 | -10377318.102894137
  637976982 | -10377268.688172175
  431328202 |  -10377264.24652449
  636383772 | -10377248.717455525
  334627102 | -10377246.068051646
  202223959 | -10377222.946993407
  233194311 | -10377209.878085189
  334627101 | -10377195.673718164
  636334408 |  -10377178.53051658
  816387553 | -10377172.318888994
  935928015 | -10377158.292633155
  202725733 |  -10377135.47213754
  791211138 | -10377133.991588315
  233194282 | -10377129.271641904
  334627097 | -10377128.670516655
  159369603 | -10377124.073021686
  932348855 | -10377103.746082665
  637589329 | -10377091.690181812
 1072930086 | -10377068.858554251
 1072930084 | -10377052.194026478
  233194294 |  -10377050.73574115
   79274104 |  -10377045.65957237
 1055291851 |  -10377040.31623681
  655507294 | -10377018.364033228
 1094485260 | -10377011.862974966
 1028907469 |  -10377009.75903659
  700593563 |  -10377002.01120003
  400844543 | -10376997.914642768
 1075038753 | -10376997.324649468
  818272655 | -10376993.294883901
  179212942 | -10376976.185078166
  519419188 | -10376965.798969675
  640089020 | -10376965.298031965
  700593561 | -10376953.987971703
  936441032 |   -10376856.0490837
 1073969340 |  -10376844.81694708
  202725850 |  -10376838.52739585
 1116318989 | -10376834.876116551
   95253488 |  -10376749.53859491
 1028909213 | -10376723.378514575
 1116318987 | -10376692.899237994
  937283951 | -10376692.609807318
  660413038 | -10376688.090235993
 1116318986 | -10376671.848722287
  202305499 | -10376669.433089336
  660413033 | -10376662.698260142
  202228022 | -10376657.766806701
   95253564 | -10376609.220376765
 1116318968 | -10376550.766512148
 1116318967 |  -10376529.87184373
  722795493 |  -10376503.99006212
   87651979 | -10376501.262734594
  787205600 |  -10376486.32365893
 1080039363 |  -10376475.53680027
   95253573 | -10376465.907664318
  936374730 | -10376450.812741367
  454961111 | -10376421.101569274
 1051074567 | -10376417.995755482
 1080039364 | -10376410.526217647
 1116318966 | -10376410.437162055
  936441028 |   -10376409.2905713
  636383768 | -10376397.268066296
  636383769 | -10376395.175259868
   95253570 | -10376394.774509702
  161841834 | -10376394.529606821
  636535766 | -10376389.408910247
  202305641 | -10376386.369888145
  230914632 | -10376371.876090445
  936545097 |  -10376334.59519298
   95253509 | -10376324.186820589
  936881211 | -10376266.055782497
  640047341 | -10376249.547102012
  360641615 | -10376217.119734345
  936881210 | -10376198.340136247
 1033772445 | -10376135.088401578
  146155910 |  -10376113.32544113
 1116318979 | -10376103.228763314
 1116318951 | -10376101.703686291
   95253545 |  -10376042.21455041
   18223082 |  -10376031.32750421
   58431769 | -10376010.978301294
 1116318952 | -10375982.269004617
 1116318980 | -10375980.387705224
 1116318981 | -10375960.973586028
 1044608617 | -10375897.899962546
 1080039369 | -10375848.474108633
  202223370 |  -10375843.32001621
 1027586795 | -10375841.327397324
 1028483943 | -10375840.492501143
 1029049095 | -10375837.375555402
  917477569 | -10375831.041476374
  636837135 | -10375828.481128087
  636837134 | -10375828.102641819
  636837136 | -10375826.421717508
 1026229758 |  -10375819.26387425
 1027586794 | -10375818.607089253
 1029049098 |  -10375815.99108122
  148743991 | -10375794.550947294
  527883169 | -10375748.731844882
  148745186 |  -10375708.97965472
  753064550 | -10375705.050076695
 1026881652 | -10375702.367276967
 1026258388 | -10375695.955274297
 1026198532 |  -10375681.30562931
 1026258389 | -10375678.043968229
 1120603464 | -10375668.893506086
 1026229754 |  -10375601.12220009
  914174048 | -10375591.604383627
 1026229755 | -10375578.969621422
  132894753 | -10375541.377029382
 1026258373 |  -10375539.19516736
  425550246 |  -10375536.07822162
  762887092 | -10375532.772032743
  752937883 | -10375524.434202882
  752543610 |  -10375520.11500664
  911885633 |  -10375517.81069318
  314531038 | -10375516.274484208
  649255510 |  -10375506.45610512
 1026229753 | -10375490.236855311
 1026229752 |   -10375466.8041025
  148829591 | -10375460.547947116
 1108451667 | -10375344.174551442
  636837131 |  -10375342.74966196
 1026229751 | -10375341.391564172
  636837132 | -10375310.444745732
  912817286 | -10375294.147572279
  316752320 | -10375284.529568274
  289227319 | -10375275.178731047
  636154189 | -10375252.391631283
  116951788 |  -10375250.49919994
  995244012 |  -10375177.21757915
 1039016071 | -10375133.880901385
  637515745 | -10375133.112796897
 1039016070 | -10375129.038503535
  147479086 | -10375116.904679038
  207136099 | -10375088.418021344
  271778244 |  -10375069.48257596
  201813141 | -10375059.018543825
  556037567 | -10375026.724759545
  174002253 | -10375019.110506374
  155094748 | -10375000.898637684
  161841832 | -10374996.969059655
  602892014 | -10374985.369568717
  299549070 | -10374975.985335642
  194034445 |  -10374970.94256271
 1052630472 | -10374963.595476316
 1108451670 | -10374937.969729537
  965955902 | -10374903.293708155
  362955344 | -10374900.577512579
  689674756 |  -10374880.87396271
  158938173 |  -10374880.87396271
 1034381388 | -10374880.484344492
  911569257 | -10374862.573038423
  954750124 | -10374822.676132923
  103320102 | -10374818.045242107
  146128106 | -10374813.403219339
  362955339 | -10374804.909542192
  653251968 | -10374787.822000355
  232721343 | -10374783.525068011
 1031605312 | -10374771.747465884
  756120463 |  -10374754.27030583
  183382464 | -10374747.112462573
  625668550 | -10374741.724599216
  362955340 | -10374731.238303186
 1093501873 | -10374710.967023911
  129368386 | -10374705.746139793
  637911935 | -10374705.412181322
  362955355 |  -10374699.86847068
  149496169 | -10374690.940647518
 1085630089 |  -10374671.55992417
 1074659540 | -10374651.633735318
 1077626374 |  -10374637.96370185
  654689781 |  -10374622.47916068
  139899459 | -10374542.741009424
  231710951 |  -10374524.76291166
  983690833 | -10374496.576816592
  188407174 | -10374476.650627742
   70079173 | -10374459.284787178
 1093501872 | -10374432.902067859
  136984861 | -10374432.479053793
  139918581 | -10374288.453896606
  936763917 | -10374285.047520187
 1085630091 | -10374237.658812957
 1104469882 | -10374216.675088942
  732259093 |     -10374171.84673
 1100843210 | -10374160.425350245
  983689494 | -10374151.931673095
  910583429 | -10374150.952061577
 1110448873 | -10374150.707158698
   29116936 |  -10374143.54931544
  289665188 | -10374139.697661059
  936514296 | -10374139.341438688
 1052661772 | -10374138.361827169
  292248784 | -10374137.949945053
  636535804 | -10374136.547319468
  936514297 | -10374131.003608827
  207136094 | -10374125.103675816
 1045373827 | -10374118.791860687
  163350700 |  -10374058.07821041
  936795735 |  -10374050.79791571
  936795727 | -10373976.915169671
  996809662 | -10373958.079911828
 1001767490 | -10373929.927212607
 1093501882 | -10373887.904104834
  136984857 | -10373856.556536224
  136984859 |  -10373856.12239021
  358391949 |  -10373855.88861928
  136984858 | -10373855.254098183
  136984854 | -10373855.198438438
   70079138 | -10373852.660354046
  636383860 | -10373838.211084144
  289665205 | -10373820.555812903
  182104220 | -10373817.973200716
 1090312382 | -10373763.114955654
  139872600 | -10373763.114955654
  863658667 | -10373755.890320702
  766016345 | -10373755.812397059
  817092490 | -10373730.531740699
  187249409 | -10373725.700474799
  863658669 | -10373659.142551253
   29117026 | -10373649.702658432
   70079214 | -10373639.850883499
  194055969 | -10373632.681908293
  158825354 | -10373607.980113285
 1103054855 | -10373604.373361783
  223629848 | -10373588.298827311
  223629847 | -10373587.185632404
 1110448868 |   -10373586.6401669
 1030831543 | -10373586.584507154
 1100843211 |   -10373585.4379164
  983689510 | -10373584.970374536
 1110448871 | -10373578.547239918
  158825359 | -10373573.471071139
  738969809 |  -10373573.19277241
  738969810 | -10373572.591647161
 1055126086 | -10373572.435799874
  637912078 | -10373572.179765044
  129898065 | -10373572.023917759
  453816811 | -10373571.934862167
   18217405 |  -10373571.63429954
 1013694407 | -10373568.595277444
 1030831544 |    -10373558.198037
 1036759958 | -10373557.541252008
 1055126085 |  -10373557.14050184
  983689499 | -10373556.862203112
  184102599 | -10373555.838063797
  184102598 | -10373555.838063797
  223629850 | -10373555.159014903
  129368385 | -10373544.628191072
 1052935461 | -10373543.581787862
 1050374574 | -10373525.971044416
 1007223987 | -10373505.788820738
  763215463 | -10373496.938921217
  766042809 | -10373459.123690195
  378038448 |  -10373390.52861997
  157358732 | -10373364.535518868
 1074058653 | -10373347.481372878
  304099056 |  -10373335.24736084
  638377753 | -10373293.146329422
  292248802 | -10373289.506182075
 1074659527 | -10373280.344587982
(1441 rows)

