   osm_id   
------------
    6021835
    6024826
    6027372
    6029532
    6032607
    6036770
    6039077
    6039846
    6041520
    6043235
   18223082
   23125939
   35605974
   35606236
   37022230
   42823723
   44033614
   46349784
   50235907
   57004983
   67196983
   67472194
   69963814
   70079138
   79274104
   84272076
   86292525
   86292565
   90961595
   92367280
   92367285
   92986447
   92986474
   93629005
   93684691
   93835322
   94055833
   94055837
   95253499
   95253564
   99663981
  103320102
  114498261
  116845409
  119059393
  126155306
  129368386
  130772844
  136984857
  136984861
  139899459
  140405100
  146128106
  148743991
  149496169
  156576577
  158825354
  159369603
  161841832
  163350607
  170402501
  170930069
  174010065
  177926549
  178547027
  179909284
  179909302
  183239666
  183455959
  184102598
  187249409
  192484776
  194055969
  201813141
  202223959
  202305499
  202337891
  202720737
  202725850
  202889640
  203046056
  203047280
  203047361
  204339005
  204418709
  204612089
  204714692
  204757474
  204821417
  204847115
  204880313
  204880531
  204924299
  205161195
  205518852
  218809412
  223629848
  229808367
  230287148
  230400127
  230400130
  230588291
  230783178
  230919008
  230921200
  232721343
  233194311
  234508488
  240891931
  240891935
  240891966
  241052744
  246014023
  264242315
  264242339
  264242353
  264492593
  271778244
  278430055
  289665188
  292229060
  299549070
  304230632
  304254554
  304254558
  304254593
  313733893
  332490868
  334627102
  351550443
  356069137
  361224169
  362955344
  364537100
  375113510
  380632914
  400844543
  413204020
  425550246
  432828949
  444072485
  453816811
  454961111
  475697975
  494050409
  495113098
  495297335
  496580003
  502414890
  527883169
  556037567
  602892014
  611155216
  622498830
  630744129
  636154189
  636334300
  636334387
  636334410
  636383772
  636383837
  636383860
  636434035
  636434059
  636434106
  636434149
  636535770
  636535807
  636535855
  636837131
  636837135
  637515745
  637515831
  637515891
  637589330
  637976963
  637976987
  637977010
  638015879
  638053945
  638798780
  639530855
  639531057
  639783577
  640047341
  640047406
  640047573
  640843684
  649255510
  652449769
  654107289
  655507294
  660413038
  695490953
  696417399
  700231763
  700750429
  704086794
  704562141
  710384778
  715628403
  717949882
  717949887
  717949892
  717951425
  718969516
  722106845
  723794798
  723794799
  728065321
  728255828
  730886802
  732423840
  732703701
  733420008
  734281195
  734460392
  736153606
  738969810
  740832618
  750968548
  750968559
  751193699
  752875002
  756120463
  757115398
  761328051
  761328065
  762338342
  762338350
  764119195
  766016345
  766373324
  766381167
  767765545
  768262377
  772250372
  776971658
  778873087
  787205600
  790033769
  791224734
  792723846
  793128071
  793129177
  794206438
  794209140
  795053399
  795053411
  795054682
  799412900
  799591542
  800575332
  800575337
  800575340
  800576151
  800576154
  801701268
  802075726
  802077108
  803200029
  804517643
  805502115
  807719307
  808241815
  808241818
  808241821
  808246208
  808246216
  808246233
  808250431
  808254286
  810781285
  816387553
  818272655
  824030025
  824030029
  825074398
  849210170
  851630856
  854967091
  858280896
  862424538
  874433021
  874459703
  875355269
  875673076
  876385773
  881108245
  892079511
  899091074
  899091109
  899219431
  899219507
  899706762
  899706787
  899706845
  900175970
  900176034
  900176061
  900176085
  900530897
  900530928
  900531010
  900559655
  900559678
  900559740
  900559839
  900559863
  900559877
  900622101
  900923148
  901393618
  902051631
  902051666
  902152975
  902350215
  902350242
  908568661
  908576705
  911885633
  916072421
  916899439
  916899443
  916899453
  916899456
  916899470
  916899478
  916899484
  917471776
  917471782
  917477569
  917616146
  917616155
  917616167
  917616174
  917616180
  917616183
  917616192
  917616216
  917616222
  917616225
  919286157
  921461249
  924376967
  925076574
  932348855
  933383200
  935935015
  936441032
  936545097
  936795735
  937283951
  938101634
  944024159
  946485771
  954750124
  957182094
  965826219
  967392656
  967392690
  969633682
  969633694
  972263824
  976203890
  978792650
  983689510
  986373499
  990895581
  991157201
  992728644
  993980474
  995211967
  995252207
  996615870
  998058390
 1000954305
 1001118633
 1002533003
 1003297504
 1004309289
 1005663490
 1006085220
 1006375922
 1006375943
 1006375948
 1006682760
 1007811447
 1007897194
 1008655660
 1011624231
 1012364660
 1016093383
 1019935165
 1023356840
 1025121823
 1026229752
 1026229755
 1026258388
 1026881652
 1027032999
 1028147608
 1028907469
 1028963809
 1028977866
 1029049095
 1030285245
 1030833403
 1031566422
 1033772445
 1034381388
 1036315668
 1039016071
 1040536345
 1042541941
 1045373827
 1046601762
 1048574030
 1049655211
 1049712136
 1049730634
 1049744457
 1050113709
 1050251188
 1050374574
 1051011647
 1052630472
 1055126085
 1055608200
 1056703775
 1058943507
 1059851900
 1061628064
 1063805497
 1066023436
 1068545624
 1072930086
 1074496937
 1075038753
 1078096225
 1080039363
 1080052786
 1082997743
 1083983452
 1086014312
 1088341444
 1088748310
 1088851205
 1089185811
 1090312382
 1090551153
 1091135771
 1093501872
 1094213583
 1094214268
 1098060469
 1099375475
 1100843210
 1100934522
 1100937513
 1102713048
 1104332349
 1104332357
 1105942640
 1107782880
 1108446776
 1108451657
 1108803125
 1110448868
 1110941321
 1111686775
 1113243999
 1113250173
 1113250181
 1116318952
 1116318968
 1116318981
 1116318989
 1118741120
 1118741124
 1120215267
 1120242110
 1120603464
(483 rows)

