   osm_id   
------------
    6022782
    6026023
    6027916
    6029892
    6035141
    6038749
    6039337
    6040389
    6042485
   18016754
   22649572
   29116936
   35605997
   37022024
   39723834
   43287003
   45719872
   46648032
   55057033
   58431769
   67196987
   67472195
   69963828
   70079173
   80675933
   84506746
   86292528
   87651979
   92189551
   92367283
   92986383
   92986450
   93628972
   93629007
   93684701
   93835324
   94055834
   94055838
   95253509
   95253570
   99663990
  107607419
  114498307
  116852011
  123445127
  128828074
  129898065
  132894753
  136984858
  139633361
  139918581
  140637388
  146155910
  148745186
  151368636
  157358732
  158825359
  159934182
  161841834
  163350700
  170856536
  174002253
  177926549
  179212942
  179909286
  182104220
  183239688
  183565965
  184102598
  184102599
  187892839
  192484779
  194058336
  202052001
  202228022
  202305641
  202338706
  202723474
  202889399
  203045735
  203046378
  203047344
  203047817
  204339245
  204436714
  204713839
  204752774
  204758011
  204824375
  204861331
  204880398
  204881203
  205007905
  205162542
  207136094
  220666601
  223629850
  230287145
  230287149
  230400128
  230582172
  230588292
  230784183
  230919015
  231406914
  233194282
  234446432
  240336813
  240891933
  240891936
  240891967
  246007354
  246014050
  264242324
  264242343
  264242354
  266861037
  276828116
  287982176
  289665205
  292248784
  301500708
  304254549
  304254555
  304254578
  304254596
  314531038
  334627097
  334800469
  354618763
  358391949
  362955339
  362955355
  369208112
  378038448
  381523197
  405519398
  421031156
  431328202
  436392410
  444282386
  454070521
  458318074
  488991040
  494799672
  495120371
  496386012
  497023609
  519419188
  554315303
  557456740
  611152368
  611155217
  624495175
  635829873
  636154195
  636334339
  636334388
  636383768
  636383776
  636383842
  636383868
  636434048
  636434061
  636434122
  636434196
  636535777
  636535817
  636535860
  636837132
  636837136
  637515787
  637515842
  637589306
  637911935
  637976981
  637976994
  638015872
  638015915
  638377753
  638873436
  639531029
  639531066
  639783605
  640047342
  640047412
  640089020
  640843691
  649718381
  652977158
  654689781
  659621796
  664013356
  695490954
  697324308
  700593561
  700956778
  704555466
  704722800
  710758017
  717857004
  717949885
  717949889
  717951423
  717954264
  718970959
  722795493
  723794798
  725423600
  728222328
  728255880
  731081460
  732423843
  733415320
  733420024
  734460370
  734460395
  736153606
  736153608
  740036947
  748970369
  750968549
  750968560
  751193700
  752937883
  756531031
  758314581
  761328058
  762338315
  762338343
  762887092
  765845830
  766042809
  766381146
  766381171
  767983808
  768262378
  773912429
  777654391
  778873088
  787288087
  790242443
  791224743
  792726416
  793128072
  794058444
  794206445
  795051203
  795053409
  795054678
  795054683
  799426491
  799596422
  800575333
  800575338
  800576149
  800576152
  801701265
  801707083
  802077106
  802077907
  803200033
  804517644
  807680159
  808241813
  808241816
  808241819
  808241822
  808246209
  808246225
  808246235
  808250432
  809419847
  812585181
  816468544
  820774033
  824030026
  824030033
  837961326
  849808804
  852265971
  856536916
  858280900
  863658667
  874453225
  874465442
  875673069
  876352110
  876641507
  881108252
  892527743
  899091098
  899091323
  899219458
  899219514
  899706774
  899706821
  899706849
  900176015
  900176054
  900176071
  900530884
  900530903
  900530943
  900559626
  900559658
  900559688
  900559753
  900559847
  900559872
  900559878
  900622112
  900923197
  901393620
  902051636
  902051673
  902350204
  902350228
  902350272
  908569359
  910583429
  912817286
  916899420
  916899440
  916899445
  916899454
  916899463
  916899472
  916899479
  917471772
  917471777
  917471783
  917616139
  917616151
  917616165
  917616168
  917616176
  917616181
  917616186
  917616193
  917616217
  917616223
  918809488
  919291616
  923327341
  924376971
  927743700
  932902211
  933383201
  936374730
  936514296
  936763917
  936881210
  937387643
  938635862
  944024160
  946485802
  956164957
  957182111
  965955902
  967392657
  967392695
  969633685
  969633768
  972387387
  976239185
  983689494
  983690833
  988347991
  990895586
  991183461
  993270772
  993980478
  995244012
  996262772
  996809662
  998765744
 1000983680
 1001471038
 1003046036
 1004186868
 1005408956
 1006085215
 1006085222
 1006375935
 1006375945
 1006391039
 1007223987
 1007838030
 1007897196
 1008655661
 1012086883
 1013694407
 1018531960
 1019985671
 1025121807
 1026198532
 1026229753
 1026229758
 1026258389
 1026949048
 1027586794
 1028483943
 1028909213
 1028977866
 1029049098
 1030831543
 1031188220
 1031578903
 1033787981
 1036273222
 1036759958
 1039153240
 1040930012
 1042541943
 1046034586
 1048573031
 1048574033
 1049707670
 1049715257
 1049740923
 1049744459
 1050113711
 1050315030
 1050961926
 1051074567
 1052661772
 1055126086
 1055898324
 1056703777
 1059748468
 1059886758
 1061781392
 1065067246
 1068256454
 1072483959
 1073969340
 1074659527
 1075261005
 1079776600
 1080039364
 1081125906
 1083045026
 1085630089
 1086793854
 1088748300
 1088846684
 1089120122
 1089185813
 1090551150
 1090551156
 1091883715
 1093501873
 1094213584
 1094427196
 1098091880
 1100723544
 1100843211
 1100937508
 1102469817
 1103021748
 1104332351
 1104469882
 1105942647
 1108068705
 1108451653
 1108451667
 1109904027
 1110448871
 1110944316
 1111739808
 1113250171
 1113250174
 1113337065
 1116318966
 1116318979
 1116318986
 1118198429
 1118741122
 1119911744
 1120215268
 1120242112
 1120622275
(483 rows)

